1282103057
4876385396
9359156491
6047128978
2480915452
6067191149
5722172826
6945208293
6053165948
4601406440
8083175325
2824643661
7566833700
4869756151
6150194400
3465246851
7603978731
3283902273
4980273734
1231068718
2540492440
2930398504
4125758723
4602080228
7603958937
4422048585
9215555368
1530618370
8321459188
7321180787
8675071314
7092693247
1799718923
4274374218
2664876543
9725528903
4412260278
3846570058
5104750512
8987073217
2086680310
2724119090
9509410913
9516733215
4022245086
5010075517
2268006448
8321761825
8808043113
4575143282
8584566722
3520417815
7351117916
8315616392
7270955446
4810468370
8084166930
5801195339
9312085761
4614483566
7938423009
5888015939
1925460564
9042082047
6975112197
8168204967
7229869819
4708439150
2117653437
2537965898
1353183979
4148407142
2573478551
8295757364
9303765140
4745927824
8104374310
3577418939
9067664957
1532820121
5650566007
8761956684
6544503163
5231868728
5971350322
7103178623
8332638556
8682616892
2306915575
1370292681
6014805529
7168105904
9952650911
8995045543
2610237679
2677769486
1723758304
6640801643
8619949665
9057984307
3715308155
3372465431
3907299954
9118141883
5870891270
5151086814
2625035499
5340522065
7085004726
5315211627
3470738735
3429270402
6345576602
2116723521
2521998002
7022683808
6609505682
5454573283
9773795424
3599394028
4915529276
9046197909
3508990774
3791027186
4922824898
2601253857
8638763775
3136844280
9503597301
4021322191
5454064409
9368726364
8915115447
3698470384
2653032484
2730875303
4012917912
8619583142
6761494575
2221341894
4615129784
5629152600
8096305764
2643668468
8948573913
7663320708
8768773991
4583001311
3145756342
9115282784
1172899535
8679701975
4782676575
4898351305
5841829810
2900641393
2350701477
5660378755
1443614797
6115750294
1339273625
4631048029
7182499837
1464013969
9089926693
5915192377
4693510920
6223395333
1394103590
6566372886
5145932741
1484664056
5002105043
1625217504
1646873524
4262396395
1257854279
8640187694
7567496105
1664847319
2878427679
3039164674
5125568431
7599015485
2830957372
6669510021
1591852141
2228388623
6848434932
3816872014
9206195514
3904211413
6754054331
6659847491
7005414276
4839649408
7565100636
5928967807
6666418113
8700464894
1286387753
2467288847
7756237356
2633876728
4851638315
8537002793
9097787335
2558287806
4178659381
5998623100
4798477983
5314986270
3311784874
7666129822
6178804925
5555672620
7070083150
2052640876
4199862297
5492496998
8390631634
6451370453
2406772445
7198489640
6805759868
8573798920
8964269909
6358016493
5036616886
2687738937
1465578258
6760652905
1359021850
1096845709
3493172294
6303603611
9709413415
2634694666
7481786488
8995970241
8902207709
4735313433
7193688870
8030400668
9842186844
4189124745
1507609787
4762033050
8292602216
2415982761
1913875994
9534467201
6837982055
3097088483
6623360831
9829918066
3293560436
5969846920
7668915569
3690594504
2525930586
4844335785
4961295113
2566942273
1313186891
6354895816
1246177424
1158998032
9021793855
8645132254
5447868483
3617377805
3556329609
3690714075
3051831252
8271480813
2317723211
8443359717
8076234670
2270079541
7271954644
6241304621
7473774058
6700029200
4748868637
6948604439
1162808124
1420102358
9769577087
4524233168
7892184524
5564953924
4919706735
9479654136
8044997538
3724614926
1099218439
1755431522
5160850457
6903534019
5067111801
4686349814
5418232833
2558830012
4587839741
7210274473
4832640177
5558971767
4024291049
5585110649
2063493733
7583092079
2388438102
2788007547
8676510043
9953906342
9228688342
9388140708
8251393618
7247381006
3033266894
9478947301
7657730492
2873397116
9830946410
6760925844
1106456634
5150090143
5135179588
8547692193
3047869247
5277084664
8333210351
6674372082
5666371719
2534625773
4318484912
7226553010
4127538716
6098775210
8370635091
1937614470
3791714419
5778781449
4852628125
1430388763
2941289685
3084649514
6572069519
1230249217
7777194242
7963484427
5828859294
2176973938
4037270171
8663837890
4265568728
2273950560
6655284375
7355073910
5570190774
5912547369
1033819777
6659127769
8042151493
5319416410
8088601714
3123830957
5270048042
1439470206
2700377445
5656031325
9909306903
2855264537
4627951658
3523258748
2741486648
7867090481
2836553621
6706086556
4422700486
3605446007
6424572385
7537130187
3169561289
2024522901
2313493359
1383060868
8973989997
4677632443
8865575432
6426937451
3734873391
4618105265
9362923510
8338325582
5649495861
5713082583
4455101626
1457098881
1195355435
5370210789
1980034265
8038508690
1547762075
8953271391
4972536230
5884792606
4751509023
2145119397
3738900744
7354482425
7781608576
2201662484
8137972345
6343063847
9344718841
6856536838
5191103954
8591664389
7071536934
4274001347
4226113732
6413407687
5743011845
4181102664
9461708554
3986894360
8106114428
2247484671
6272376975
4034047118
9249213523
3653594796
9763614872
7264822511
2806638735
9207034721
6124453431
3167796058
5482431018
4173708484
6062840421
3185089287
8949781901
6777521943
5120197934
6596578419
3856132881
1736086849
2988592958
8679987160
3384083537
9843965585
6844582171
5461537013
3127657643
3147818256
2952996248
4833996253
8789830551
4310415016
2076341629
7949105797
2743180954
2877279755
4152000372
9747183427
4487053308
5845576128
4026113008
2378170698
9852706965
9639044885
8617360361
1090848040
1853064745
3659574996
3785815533
7895255573
5757968510
4610686734
8925417562
8355554562
9098129449
4356175095
6543527275
8180101072
7384440186
4656572173
8650577678
8095445250
4026379752
4138750794
6111920251
6443749394
1289109870
5254923696
5572896413
6910112521
5368645970
2774920001
6510614294
5856127658
5941875466
9691727358
6544063167
1993974205
1754368373
6711463258
7211631821
1364994639
3070459171
5021153897
6317152031
2622331723
8960435535
1131267917
2051194393
1388959643
2015780972
6038780151
3045347041
8973192091
8962027840
5103240501
5697367349
1832016743
2087974350
1399699943
4332894265
8373547961
9229857657
5100236063
2073487379
7960713821
8991678061
5644445498
7298679849
1597882268
3987248494
7335451840
1652907614
6317889312
8982597239
8583544368
5913698582
6088849062
8710173569
3823792255
4611071065
5983505618
8741735604
6827778245
6169243284
3483210174
7550842481
4558594751
7631788070
4988247780
1417436465
4935462811
2644360541
9999627377
3866755218
8706093841
9376711497
2164270893
3874432021
4669411645
5064162365
9383969266
6560682527
6472001976
9256445847
5884391502
1913706213
9358638318
5187948804
8155034104
6789448659
8410598437
7126623737
6190246399
6002856890
8047628706
8804564187
9811640292
2538978732
2843885186
3351978047
8586619000
6893167206
7299420031
3113370001
2604956698
3944314782
5564618134
8437965451
4638587707
7417183769
6448324230
1504729135
6761334796
3738362362
2291472778
3835386061
4740355928
6726515966
8236980551
3830860764
3098249631
8518563937
2145349821
6871704354
1605603837
8173724981
4427620889
3515167269
2789144223
7341757401
6632552759
6788175717
8338076548
2486744752
2780324145
9031016497
9517014405
6743818629
4224879193
2175945569
6402580787
1120468957
1807770198
7665684677
1572827654
6496933442
3601954488
4478961535
6361225622
9148305949
5779272394
2697853760
4012010269
5724657556
2343100352
9338365438
2289234503
7505693643
3666637135
6799653841
8846861559
1279925964
3765386801
3395237035
8789808241
2495970877
4738939076
2388725602
3459034771
8997701619
3749708434
2464137110
2872567668
3362365523
8590961600
4836655711
4248149900
1558631501
1852399067
7797813054
7276670087
6845729114
8547068234
2072355594
6667987217
9237880732
4908108692
7889354624
5857181464
7088451458
9135089184
3138752908
2115406331
3889662004
3707166618
2962750929
5535691593
1997498834
2434751674
2928761313
4364526708
6484093053
5275891045
5703357871
6756711494
4942272347
1182084427
8463570248
6340003593
1594312071
3389594115
1368605032
2027636960
3744446292
6384311581
8805032417
9264858122
8441782033
9585583837
8203447752
2845988316
5375461598
8389496579
5969043107
4518305561
2190330168
7347519787
3876086952
2523133874
7380780055
3526767947
7234615717
3364255319
9593556142
1475641654
9112094321
8302711705
2044268979
5334191141
7573691558
9148126810
1756345332
5449848690
2495423827
7534583219
8033062794
9306142066
8206519996
5122796224
8507497883
2430276094
8691288568
1234359689
6128695961
2528941040
3301610601
2612579345
4684744684
5864961001
4274958945
6529150040
7892771428
2627677155
4792261745
3097302637
8512122097
2906775938
1389894192
5085458167
6972579708
8756270694
5412437658
1475897833
1011759631
3171722069
4850269395
2465576748
8185419951
9995834531
7984434647
6005106134
6975952318
6199197408
4747699292
6146514161
6376474657
9454207717
2651961479
2811967841
4198865421
9488356267
8616095594
9449789837
3427974255
4517262299
5604529187
4082968468
5293274004
2878625527
1662259333
2684623187
1626819783
7764117705
5751654002
5080065625
8593250984
6695183060
8440611705
6655954739
1083302600
5951019935
2085624355
9059033746
2678474117
8657187506
9691572571
7109862806
5459007549
1416026153
4417298242
5072098082
7625464411
3792676715
4110258855
4121528150
7371573279
5649905416
9251741685
8109356121
7638253076
6923301988
3821500440
5418737410
2463356163
3374716512
5595526656
9437783771
1316756902
1251300243
8582485644
2242377075
6364252503
7403613579
4046458781
7248493644
7776963271
5794335854
6591038760
6554120470
1819971340
8204305733
2407863065
3194880840
2876975522
6947471083
3732446042
6942645060
7870011337
5092199300
3380630664
5985331805
9292636884
6505706239
3647707140
7815551519
2154459322
5341643190
8542826729
7984412292
8570850267
3923324008
7724091648
4234059678
6764451684
6493800024
9995846146
5567743118
2391874847
4356141519
4085157909
1401913949
8102481401
8290769011
1870644102
8244692595
3616466630
9923160916
1679346062
7961674558
4042413312
4498248368
2786576136
5523703900
9167489057
6598997195
6715705115
7007563175
8012696455
7643108589
1422701550
5081116913
3591125930
5244473159
9636187241
2645272822
8261111839
7965608188
1333870589
4572255055
5611640220
5336547548
9375661256
7100408092
2926284873
6218955985
4085773843
4001759769
9259157845
4311300347
2914590233
8401318164
5679198972
5165132643
3374711080
4979742135
3178995337
4516911409
1006789986
2458310741
2092158809
2825989011
9170151995
3479708607
5094088928
2632786090
6613652854
1246580623
6795522649
7543932264
4480443642
2720829540
3925158297
5518908675
2568711995
2268523764
9919491730
4006335477
3442983221
2571632270
3223115272
7705530537
8737025391
2621903972
3951331472
3283035614
1674755608
3830262384
2351531223
2144335983
4373674167
3294767242
2178884276
2526194146
2191235049
5341842641
5943324387
7057014664
9518504093
3313346852
3849232839
5717062885
7823288650
9323175775
2396793314
5243253355
7630193996
3658772734
5825241186
1707196784
5994792212
5578929439
3658052055
4550057836
4133092725
9288057824
1192228937
4847761430
6070610390
8055556030
4379977183
3610575957
9458345995
9058972810
3400244542
1553155490
6734252303
5806195714
2648479139
2774884818
9943959352
6737936549
5376908082
4470591645
1987243526
6746860557
4346242886
9945002229
1415932585
5205879645
4159653716
9102415894
3338999447
3259520140
4930438209
5612645121
3988564933
2397569678
5714658227
9651063115
5380159400
2910594463
2398806247
7923073359
9075512531
7125062918
6995554056
3777580509
4696689457
8991514523
6413127036
5163841475
1777838906
5783809766
2409274786
4688097893
2628199646
8570333548
3694860228
7002190272
6952291828
4254625665
4588269668
1245522987
5079935036
3426709025
9034461003
1446457642
2470455066
2430844947
6576395496
4220479048
5295008030
4098389895
9293333507
1055395069
1647181551
1814436678
9123207735
6468071295
2187243159
6074996463
9922893828
9852390547
5812948894
9609562782
1378134712
9939148379
5743940506
5251493847
5668955416
6855450328
1939986969
7820039405
7560389844
8889572098
1553753599
4277581356
9702693937
4641902461
8664882079
5643131245
3655790301
3831598303
8979441020
9369604093
6704841644
7450094573
9512265237
1969934690
8345069030
5058172647
1664885408
8596540119
5427741963
4021952801
9411532909
8527715219
4277758858
3867261857
7261324224
8711841827
7248258423
7403540599
3380064537
3341267390
5829435450
9037332551
5058691146
8552534938
7468857743
9822499208
6130123844
4236123879
6732306182
9284851714
6882048479
4918593865
3376868109
5251731939
5706697045
2044331936
3072183247
9250327663
4574027737
7962682393
9410288290
2866092821
9633533290
2328468971
8153819885
3449937922
9858643842
2307202048
5954207902
6276339732
8542452431
9929525100
9833236739
4958087064
4871676777
7296658772
3416828182
9462935432
9892979079
7913450953
4668931881
7403028869
7301985407
7206488074
7467973482
4421426659
9166493111
6354673685
9463392724
9922692014
9559135932
6761084958
6562144159
3979507921
1225447588
7614024489
1667779376
1295880269
1000153386
7716067319
2554039848
6009268066
8745283153
7527316141
1813726301
7724905086
6559065835
3418416972
3144490990
2203423402
6346911997
5367513465
4965395580
7576309274
3003484425
7270360487
5071897791
5388085060
5022964382
7378283909
9272277508
7059591606
6583444930
3127544262
3237361243
1204253178
6284297249
2073755632
7833164976
1561417687
9942933571
2308423044
2673174406
4213274467
8275679594
7266763552
3495411322
6792661894
3355504998
7952718586
9257034899
9741659629
2522451450
2224342797
1240140248
9621419224
3591527330
5578260598
5627932902
9190753627
9863781331
3439750224
2771211118
6126668956
2579418510
2596371622
9011824906
1036212487
7378883336
5292557368
5694190173
8532051002
8325222092
7650193311
7071190983
9805620900
9446112038
7702233282
2908280434
3720442203
9381721143
9301499827
9780187424
5177816551
3872920236
6656646925
7366396017
5312619071
8070926279
6804850108
6517150278
3341235566
6336171726
2195810743
3272557267
8670267393
2576124271
4498569163
6305320432
9294666194
2301188571
3381395514
2421785056
2610694200
8809871735
2426129087
8287542751
4660846675
1730074215
1175118024
1157715720
3558781873
5037328522
9214594061
2120934411
9916475897
8383551772
6608154934
6638851791
8467575044
1432971971
8695129534
8343972092
5633259825
6498703287
9021872325
2358241431
7926100785
4564751926
3019214800
1384106725
2347411580
6217681709
6087673873
8377088167
8382485264
2183906581
9918573705
5140460939
4683935600
2878930355
1313441038
8450973709
9081684463
8367588279
5638860656
9090011031
7083067988
7292376027
2250949136
7979466538
1100955869
6306262259
9128820465
9421518487
6490579087
5829062179
3180143731
1855256552
5446846255
9376966049
3306940725
4536110214
3918046336
9853721863
6616840342
3815389788
2214741296
6300607425
7489178591
1644630523
1965067727
6255110825
4293048383
2947476917
8654155479
4522909617
6513069182
3689154777
1889620495
6315632990
6187391882
2419629493
7699971723
3107992942
8152161448
4870091128
9020002737
9212959154
7799567490
8605964047
3871865327
5963442336
6955845294
2075500493
6213781637
5397989823
1051354601
5593270450
8075122626
2687477596
8064319924
5384891565
8740820392
4393863868
8144352013
8765447816
9667557205
2601297604
2267619081
4738670174
6956624406
3106408413
6975638959
3771686437
7684097480
6795403548
9776185998
7338134731
2949597857
8087762657
3837784389
5923940434
8294925451
8126937147
4718065741
9648610631
7019900273
5504196105
4100711567
1510289448
8925520026
1435098559
9084863137
8598503901
8593500258
3041545544
4490722186
5714169271
1513003815
2729549409
6534540349
8975021081
3901232981
8991154686
1045837716
2850820685
3087050235
1747954010
2918260963
9766251190
8339532919
4320435651
1052988672
4387598265
6807883867
5646751885
2016263083
7735151139
6517531326
4787892674
5065618967
4791700311
3412273600
9670335754
6415031531
5682829864
8266252438
2524751277
5696548897
4299652989
3596335142
7484815168
4520856549
2637299068
5223016951
7955985378
2948728483
8939746381
2910847652
2148679234
7670476743
2065031404
6761104130
7116816064
9249923427
9400455428
9514255777
1182608864
2434227096
5855415646
2017815838
4938966574
9861449701
9343730920
8173711511
4864922819
4735334423
8849572476
5876924163
5326129844
9638455978
3982920803
5182110973
2620054076
2519957781
1483556511
2778069478
3098948446
3464975279
1392501735
9493209128
3369305560
6855643596
2642416330
4655935832
9639245200
6000009225
6059488803
6826129434
4472255508
8605273726
2780507306
6649334064
3171518770
5081499111
5734228580
9086117171
8423814481
6682028080
6145549138
3243454164
9563046274
1384951755
1410958196
5128358636
1596471620
4167298652
3660223333
5639296557
4873807154
7493077954
2379592595
8274273035
7185179917
6561692070
2050340486
3412227961
8865390946
6882074066
9590331226
5523465800
8861462036
8756674382
4478719374
7079234115
1792214339
3070734230
2812140441
6264911145
9438411468
4147842449
2839566253
1654321163
2334901018
9047502562
1458227039
5439176290
8582905353
8666074487
4157540189
1506211965
5911625145
5230873857
7227899138
1682781467
1947351792
6028554337
1807327369
3766539517
9752058817
5897361184
2424706705
2701177209
7402059279
3772636814
8409679733
3671110493
9548551869
9925949659
9645619869
5032262443
7673807624
8015124886
3776011793
7877763708
1772303297
3056148393
6924347975
8795212264
2953462417
4509456565
1857561275
4719780110
7462972995
5144289583
2856944992
8543865915
1707915261
7061443251
2051515688
6911320527
9443413910
6124128956
6525548910
5562653160
1726990714
9804677062
8138636081
9035194895
8369405044
4642197907
5015690897
2616884203
5567816720
7699500243
3131057424
4520399955
6185945187
3361388464
9581187661
4833373615
6619939965
7603119726
1961189885
2960432117
3922028033
8763140509
5579497553
9631360576
8317619798
1624173500
2580761716
4642432004
2748836777
3347125656
9623534576
7476052850
3418724889
6204041308
1711271599
2557137740
5079161918
1615024545
3654191036
8544069858
4788319600
4500557310
8387095101
4133395031
3722604277
9675636888
9472060093
7644679689
1566590088
2695447268
7839819230
2246053272
2960488639
9508499533
1424143426
6999146585
1570015858
6235163181
2294788502
9519122584
3925562184
4406345733
9057257772
3087034313
3547281761
3764474604
3392042450
8984358195
2957579670
8536205444
5500262927
1853254184
8163404757
7652478210
6389864974
2225796624
5860603268
6922713963
9618334441
1195472006
5646880148
9471942713
5686850445
1020039169
2084632548
1430258498
4096932037
8088031498
6263567754
7965886270
6103875769
7568788980
5376302686
6720396142
6154291401
3347715190
7539002241
5457043482
2365461649
4736133245
8755749566
1218552465
9806189256
9723937280
9430997415
7909326720
8750840032
7417403386
5153944226
5713210519
1658437876
4175852493
2040451458
6092366152
6057867851
2480526205
4841614871
5874232824
4610690336
4956362540
3265977202
1196196740
2406080225
5933179746
2593008578
8241550421
4957321396
5316775329
3971451918
2331017102
1779909040
3910117187
8730507757
7376992353
6201313620
9327611847
7685540186
3965676060
9660523876
7274104071
7928143230
6581899574
7059249464
9246333533
4738453527
8549324944
7983143830
1431709168
6333283561
2579206999
3091509391
7077131430
8484828793
4914929023
9650701349
6753480867
6178343325
9257061242
4076550759
6392415228
8893236404
3636467652
7601519165
7598745558
9045791189
6846599544
3646973915
8625857078
6944371787
1059596634
2295067571
9108876355
4330728529
9507189942
5486568260
7208619610
1847275937
6658114473
1684044771
2719465864
4638577630
1585965093
4644358139
6582557981
8065796759
7900994599
5995667352
2186346730
7143189785
4702151315
4422030495
1399546384
4361393222
4515536330
3963727447
8118065825
5396844455
4276427174
7638836058
9736920270
1490651227
7397573322
4853396111
7835787787
9977193987
1818520766
6991473746
2965254350
5927990650
6992094064
5182657117
9624806504
7773470371
1590838716
3674551397
8816681105
8087116099
2707272205
9018163876
3128675098
2597574443
3730256149
9907290768
6286655829
3538147976
3162277965
6206015111
4246378777
5751643053
1197092148
4097887746
4190533614
1050899550
8434006782
7621562469
3670792703
4441236442
6266589423
1093702563
1916493683
8741304368
3857879268
2605548088
3025030698
4277422858
4536156992
8211813187
1175617484
1143925622
2105718202
1626733282
2720627470
3403749684
9147736635
4701810418
6859286614
2155671697
2349641712
9528205772
1458579821
6978199742
7242730249
3544904142
4420882289
9950913099
8063693463
3431627558
1110533960
2338334796
9206872731
5459749856
8453582359
3515465308
1269576948
9319042718
7742040508
8212127816
4700855390
1442421654
8157277882
1126978869
6811610014
3538508163
7596745715
3611336587
8878383192
3488270884
7793407965
3880327491
5201221330
2109020054
5959736235
8771690787
5846880870
3381580667
8446676790
8445586448
1354378489
9199900162
3613583525
8042997784
3596622371
7553503798
3445250621
4177035684
9255297978
6984037689
9697354961
1807753719
2298447203
2952887577
4823580587
2162514050
5481721096
7402419515
4232514826
2584756879
3205542649
1963404085
6166847778
6971296417
6474778646
1898018927
6562434335
7098134112
1794944308
8387211804
6644496636
9733937073
6209846241
8667946580
9409682410
1387652480
2617999521
2705490992
3250402001
7447825925
1041531046
7961593935
2428156550
3790611308
1675534486
7139456572
3363629219
5444546673
4150014571
5474951950
5694439775
2777556269
2591589823
3605129335
6751050163
3420721027
7710870125
3033046681
6609223166
6287793163
1674332429
7648364190
9340315799
7785578957
5963015056
4218845963
4441494580
9924456994
9240423051
4158643786
4398194022
3208200227
8272725281
9116428507
2698524183
2145921803
5151887478
9614632998
8162715496
3815287619
4794276323
9738256935
7083157218
8796293088
7488943393
8037389869
8806371697
4289233844
6727637971
7548447910
9843260635
9856756553
4663992245
7125994325
7846389041
9546021691
1868964847
8224997846
4037867512
1477329638
6236751117
9207621403
9470922075
7921262641
3923823693
6369130994
8723296882
2802141793
6944993484
5183211669
2963153449
6046864799
9813697315
4689428580
5090885943
5513676403
2394868732
9007113319
7750131975
5551169498
3579898495
5722064241
3807379048
5397334192
3374662487
6744132833
3474471345
1282567012
2301072326
7561728644
8363081382
6069848439
3997380182
5052505985
9544423456
5405679981
1330614006
3574081104
9874836844
7399010176
1609176803
3661875683
6121944541
4302632494
6515490818
3032971126
9019515562
8352913188
6925401543
3740545127
9334364363
8487886592
1351960400
2083760177
5047104149
4384808313
3887274233
3598862507
2621028147
3734252963
4627234243
2063577070
9056727891
1361845490
2239673672
3376077463
3138173174
1145998097
1792406808
2032989010
3971264908
1225953184
8903212516
4911207460
8987764913
2554267761
2051118181
6299224734
5785481124
3117369705
3273470003
6241094005
6987913724
3294092753
9813320444
8313706299
9773327464
4786674545
8968929797
4820055862
7376649850
6680523926
6685363026
5560712830
9128109021
2660286914
1322401182
2825957977
7109719433
5150487885
2730059192
1641327636
8889757029
5813565243
8873081940
6430982163
2099184899
5067116918
6715961218
4919649984
1248775268
5602730904
5728896400
9182543558
8685192265
2601143749
9930976126
4226726995
1233079614
6731603476
7424419411
2327660794
5337148987
1469718772
1360642836
9292791081
7015992643
6488318795
8514766634
1104906255
4413838650
9904306832
1473029049
2136212738
8208584394
6520672499
7523681065
5348943115
1194294443
9119587751
9674596936
7238188172
1248704157
2893321208
6896624762
7555217903
3913277923
3471134681
9138589488
2173612708
6131005449
3023399168
1067464491
1444182209
3484872186
1639509845
7637761996
4649297119
3207873733
9644630266
8902579565
2270410210
3035761595
8333222223
7405744932
4668083380
8453283834
9049270990
2571688961
6545827794
3513527684
9097655015
3773055184
3755074460
2459578621
6383036029
4203205881
7573442717
2188332531
9333798503
7094992705
7429375714
5606736607
3316787198
7460728316
4399143287
5819946657
8110054933
1590985753
7710396573
1681205304
7737658873
6865168092
7648059419
9340160676
8787318635
9248046539
1012309827
3884642366
1259807661
3297096148
8100420507
8183216649
2889973756
1629176876
8109736800
2830154607
2224336336
1668976864
4167244443
2400661168
1982023149
7882206934
8369792370
7640122370
9981540040
3742746204
3664052763
2034664545
7115094199
8706438472
4728095498
6037168610
9900829971
2076151332
3260842187
5667503195
5143128978
4345249873
4747855538
7777163837
9037125607
5317105328
3343459102
9475504077
1519709079
3018495252
8001468162
5099784081
1129983470
5141285960
8724365118
5156341268
1335079305
9369574998
1795212538
9484947955
8192642678
8515059507
4131356954
4245593049
1383539822
9870656334
6051628882
4405620755
5025070544
7628981661
5315720088
6667775644
6744039057
2902502763
2476831585
8750287671
6469864421
8806470288
2670036982
2310601021
7988772877
9937651021
8923011407
8443061472
1601050402
8642862275
7374584386
9368005850
5377482900
5684378987
9595947379
5465016406
8322414774
2242140808
8893852340
2476811694
8506844200
9728518176
6859578069
3269069059
7157507702
8106906538
7805745017
2546768677
9249854566
8337750465
5072538783
4954512358
4852002754
8910440683
2601855526
5115980792
6771780593
8656135818
3792347639
8965627556
2477046857
9115036120
8826851692
6880115912
4252504650
9954331046
2225124755
3156792018
3149533961
2104570218
8257484586
2527529840
2791003851
2783074271
6471137635
9003106855
9704383251
7735322123
3402158803
5329194647
7453081889
9106182535
7002076563
3811254192
2416760621
8349335715
3500134621
2970753705
7838460497
2883717021
6691628146
9697414638
8012785094
1875153615
6797174636
9978810439
5808575323
3528924461
1288335378
2646331504
9702567924
8441393731
4440904834
1335625113
1598240097
6538217006
1546696950
1710924824
3227076636
7190276026
4939447721
7590302909
7942021507
6076175708
9922723063
5557202847
1943866804
5485387618
4662594124
5705491685
5662607588
4070964768
4704785815
7746298485
7770086931
1367704871
5385364784
3475678519
5928417345
9061380385
2734195515
1400469224
3609050672
1065857791
7126870969
5271453859
3828935922
7010455626
7729281766
7941110142
7377592736
6718386472
8368974986
6282009986
2741009563
6937609381
7957316436
8180620422
4260706483
5692170729
3782247929
3291226621
5610973669
4623960580
2916260187
8318855178
7451858617
2224224246
8293453178
6887132821
2807831725
7027529118
2436605335
3525394550
9031229072
5877754628
7222637202
2655546199
8484286122
2742428817
8439518982
2459525419
2586712032
7838911650
8458323087
5651761821
4850739877
2542943951
8058679999
4009805180
9216074478
6162257572
2907951048
7780448400
3528092810
2555936898
5047101003
4046558332
1519546158
5323593724
6102144947
2583296780
8861351706
7239045246
7282216597
2862148968
1327760496
3567900251
4399321649
6832418460
4630196130
5910726286
5060844441
1486068287
2041349374
5758139376
5066388518
7671625956
3923699745
4419410162
1149460439
1783432867
9261825255
6374644126
4911804606
7512767226
2454411858
4928031335
7858937483
1609718865
9528794813
6599115213
8331319481
4522855590
3773570124
9222330478
7183417249
4605117440
4535780913
5690636423
2843567009
2452066459
4977076759
5099431684
7356407384
2224363672
3020939193
5590302102
7026582511
5863173472
2129819217
1918178072
9392515666
8991977937
3893976444
4413520679
7786957957
6081137534
6717963562
4761807031
2617951253
2634970014
5548461653
2694799285
8569730580
8698432271
4530959836
4003279786
2635881694
3305069227
1805492785
6089026099
1657675888
7732162114
5584288132
2412483267
2308496151
4373060563
4143852021
1798112150
6772649622
3472292817
2139078760
8299146480
8370987661
3598217672
7878621894
1800656591
1150346559
6955593943
3768901084
2782138375
3791815554
6466077547
1566056427
6204917298
3617897214
1408988968
2121448210
8182207815
4611538856
1677842235
8698043887
5160575046
3710566582
5052915145
6156843353
2994030019
8578226896
8612441673
9185395140
2970427638
9720251066
3602680421
1392245997
8008775062
6363130326
9279291478
5317126240
7801180691
1508469555
8573538960
5541726840
5400463094
4799177162
7351460539
9558091177
6066196226
4321766358
5869990861
2941508568
6530318753
1224150855
7690274631
6865994703
9877722802
6698759353
8901559463
3679716064
1319608411
1430073711
6856805469
8997954847
3960136787
2940217134
5483407610
3174690195
3095318649
4149647052
6818311021
7444958660
1498495745
6904897514
4269856261
7146318035
3291270703
2125089309
2483048737
3015449824
1116402431
2115862756
2331039957
9984664080
3932339303
1793847567
1896946425
4033986022
8495636795
5789238017
3398510824
6881737942
4099565230
4101948739
3125906089
6047492786
9395863943
9508993384
8362261450
5735817014
6488854841
2334600121
9404002665
7410048427
1503784616
7385424494
5975196341
1302931075
5213603623
9959316663
2508689990
8934097788
9370133032
9744120054
1847810424
1179276130
7215110267
9337145038
7319616386
2673161789
1721981389
6148478789
9481076448
1420854556
4095476665
3201397080
8708159741
4240768756
7450281157
5470166352
8585145661
8991088511
5192423776
5796800114
3255736583
8933313957
2131165735
6500806663
4721351171
2156067809
9703905715
1693519046
2180964952
5455441991
2082326234
4953305212
5659086958
9523139706
8970258559
8699722790
9563165079
8654717096
6048096802
4888706189
6804394126
3469205576
5348303725
4990446958
7396205104
4854338496
9082125721
6973338427
3259163947
6525576685
7192742877
6883339101
6951067540
1578138594
6375873873
1879233902
9630522755
7051406106
7032527837
9060184184
9982501269
6649840375
9159876163
6272000062
8351491401
9710824963
9984890483
5630681326
2274350418
1977515194
8138332494
6965879269
5907917027
9979735078
2654584280
2181241943
5526884931
9989642546
2374567624
2951493270
7944713401
5976159420
1915111272
8389750357
2143226860
1195066088
8239138603
6790024996
9680447616
7645781604
6364508651
6583604299
3207160929
5952163720
3769290424
5034722983
7249213370
2114317366
3438830691
7973338959
3147487660
6787911240
4592888910
5036200310
2326494754
3427258822
8274219704
8831629636
7045485090
4772141697
7183058541
5794928932
6101762091
3088416913
8838828006
2223167865
5957540284
1856778208
5200090187
9180270075
6067230051
1452737164
4396874072
1764998225
1413599241
7207328566
1742084252
5223079421
1185180108
9327720702
3694130765
3980491761
9278870900
9451577335
1732578761
7576117754
9104238818
8342622550
8282534126
5112100178
3304560537
9192433568
2778293161
7668259384
5087280062
1497439597
5248097310
2210565696
1778197615
6072771245
6265016831
1311570307
3839840224
7131792407
3166860023
6709234482
3584119955
5639613442
2854772804
6199833952
9557663181
5535650160
5715903364
1175892199
9441018790
3887823121
8478195448
3011446579
8350343413
1830523409
6227740288
4882343658
1803982387
5654007427
3815235019
6982610835
4614378003
3162281537
9866648716
6588252632
6313472215
5889425970
3412365931
8326844674
7465834732
2590408851
9436074012
2715434253
5354747485
2075413763
8880079328
1112794026
9255306810
8894618608
4534096467
3434945809
1330992932
2311597141
1271730355
9619498204
9785838644
7952026739
3820118608
7951902330
8283758926
4806010595
6092933720
5021451005
6473585962
5555379651
4985212098
4301805593
9669835245
3137394980
6205403961
8867077130
5430336233
4469649363
9835879150
3821211202
7358479230
9410569618
8394198376
8426244858
2065354117
1678500147
6552674231
7539335524
1099541460
9530862812
3358880404
7393599544
9512295568
7915226263
4728120111
4712064103
5268845844
1931826598
5990749811
9392660800
2904308418
2503068227
3546681221
9166381136
2497435811
7455092839
8832617672
5061737765
2290179211
1724801332
7306639233
8027741130
7369118672
3698343112
2171149129
9301315207
4277561834
2168041588
2099247629
7896639483
1128591125
2608345531
2752536389
3476758136
4921196010
3442183999
5791851910
1687312201
7951820749
8456864082
8831899893
8497938394
9151939381
1199447370
6554972315
9374790162
2849500820
1877118282
5345918656
5523275189
6329323383
7374775639
5488170576
8330593321
6492843166
3655081209
8184602688
6155234610
8878253700
5087357728
9172908825
2774010584
5428529806
3738056872
9248574674
3131715682
7981077394
3589530484
4982499657
7525240100
5903457537
4504358997
8168036130
2238067088
9738923086
4734111722
9501831663
4272555625
8846797777
2439200321
1824272995
8868607194
4026816435
9478813347
1829270292
1157215100
6283986629
2375748554
1417611141
5718668974
1356883272
2156130988
2243802345
3347977123
1526723719
2625792787
3079500806
1740538233
4352600847
1139014305
9196564761
9277288208
1614521710
3515395117
2502077414
5746677104
4212933655
4135124384
4896741733
2942082903
4014312032
4558302256
9479327975
7470843264
5903093758
8048810275
2884939143
5310195918
5570828113
4807122420
2474442265
6464693977
6244338653
1515024824
5862714930
5972277002
2363768949
1645046796
6458544482
2968897085
9215678070
6784033506
1466305100
2795615023
1784595168
1382706193
5290285300
1418527641
9935429720
7693167380
8412545268
9463197203
5751366455
7049530959
4892544235
5583394443
1084790270
6099808894
9112422063
8858766173
5286358927
7660813178
7757700186
2916502228
9068916300
3650675666
9857430687
2263513519
9289824456
4294730573
3740446442
9273125114
5325686518
2780016559
6230593697
2064803502
9548759191
9825348931
1474439845
1491661170
7333678472
7891801460
5406473964
8778161564
4859728403
6877052039
4917727278
1225052083
8188100401
4554178984
1248786714
7998529307
8387800067
2095286033
1264739091
9817654910
9672637319
6085842700
4502414628
7458542977
2052811909
8493451569
2590736268
3953969835
4848297723
1176169319
2683446724
8032683189
8001729836
7576693686
1376584206
4281486766
4682870880
7135394336
1651558991
3684922912
2213140390
5027928464
7322441686
4395692712
4997866845
3509269249
2158638062
8728010542
8115186493
5570988739
6097953682
4633257620
8759662631
1676220116
7394477978
3965233999
4231729466
4711270669
2291067101
1417124022
2014766981
5588254555
3108307952
4118282638
6392476150
5913767020
9102530903
4401248572
6469318275
6754503097
6110943464
8314101383
7316122432
1871241447
2766432718
5302176368
4091632789
9027531700
3733389690
8072295861
6089063141
7759781156
3294688377
1340272119
4337385343
7431813987
3297681898
3031169058
9303285822
1826632812
9911302073
3465740756
8060926433
7452729913
3402402094
2509825605
4544344265
5811919939
2259899405
9516893896
8680107879
4337644657
9847606796
3685585090
8411774059
3012534777
2884035554
9137862629
5308701373
4641561499
8909351013
1193782303
5696560131
1459890737
3109688769
6947083374
3812909739
7310716144
2424134054
9432088993
7550139546
6153541642
9086810658
8799197622
8133593748
2962491159
7910817577
4459041081
5808216311
1384313264
8857247603
4436406092
8942167666
2874452023
9147687657
4928116989
1667483244
4164784001
3223687972
2309263254
2987385603
5653108333
4014119648
2670091632
5112928418
3207039799
8999232625
8785139521
7829655223
9851745648
1955019690
5512036684
8179523506
1691293717
9469043199
9693634084
5344083406
6246716604
4306983924
5784450697
7347059040
2293434554
2876440371
2988055189
2817074316
3806215682
2762198468
1528475568
7292076361
4022360089
2188684621
5173107724
5100282913
7491585197
4268713302
2604788242
8257099732
9263025879
1997216402
4577406847
1232261179
8209074298
5061696296
6680872342
4632522232
7020270238
5256584102
6197275443
6276611452
6894024976
1817268090
6142469284
2419931729
9290691086
8506931282
3772733269
4391253758
8318883321
4724474441
2828416204
9298428220
5940711655
1458851026
4742949477
2549748436
3592027247
6585609060
4896945119
8201299357
6784307829
5407856339
8165881716
6272305209
1487587350
2260326267
8382963909
8057994126
4946081594
8814095579
7050717297
1659212199
4470587327
5231196084
5588007201
6005862628
1379874179
9433570024
8925856505
5570031972
4503614567
9236429015
2984460654
8417757797
5951406973
5901977457
7939111649
1660370908
1551395583
8280271108
8886846400
1754321211
7397822175
8206824242
2136726892
7193532615
1363626724
8548290298
2202528733
6837975356
9026301048
7503440495
1801836494
7651029165
7330734943
9459116455
3808185031
4342811602
4763234181
2242627930
1618405605
9301664265
8010417786
1793743692
7059602873
9265587451
4590711152
4138152554
9200084089
4377187993
4672214312
8211516617
3577537135
1964427223
5088043307
1066970190
4966014688
7784217828
2411844389
3996087222
6102066510
4895020135
9146070829
3990552168
3335323862
3075362821
2289624427
9424090524
9080621072
6067703428
8227919596
4727306207
4709522034
2014275094
5024050098
9432070587
5808858383
7295140380
9102064850
1654477195
9274335062
4201293805
3580582653
5433722159
6773938304
9270323795
8285624787
7691931213
1258844497
5035765954
1085507405
9523104008
6241327333
7608141858
6465727561
4846514715
5378278018
3875420006
1198168828
3500339713
5868458257
2407377479
8854238082
4468468836
9503388855
7405710077
1869986241
1765571034
3652412568
6619209856
3171050399
6200141898
3353423112
5774080233
1325471606
8247054708
9818680148
7682169593
6700692683
6159709229
2349406919
7253461596
3338296830
2469531322
4486522557
7833655625
4600539313
9333460559
8168394616
7711463369
6115319619
7633342225
6923206003
3024482067
2126077199
5025289099
1749820930
2136107759
5421592782
2248867120
2139027119
2853165178
5097705819
8149427618
1083651970
7540301973
8116565857
6000736427
7374810067
4960579149
3564647996
6383457617
4145461251
1379882490
6101516825
7273241123
6961554653
1230624431
4921003983
7517938612
9823441467
3420671425
1039887139
7940878005
5439366473
6651754819
1949073911
2453176190
7898249382
5612782269
9686824525
4783282817
8723546244
5907824721
3691907159
9078786223
9597198563
2299900457
9862657724
5613093606
9570755634
1487258103
4661549914
4907446848
4588312351
6139905102
9123612497
6924368732
3894673596
6879428703
3980576777
3875303857
7305029814
1818112342
3480920839
5130589741
5862655247
7013209218
5737057771
3429019820
5473896017
1542747974
1362895954
2067843621
1521521078
2990510491
9744481068
3555656321
4040409964
3236170837
6161147047
8822316623
3763116394
3892006052
6545740371
5129478722
1446362270
4514021643
2656485964
4865979921
4407284549
1586412136
5844171168
2075321966
6163456469
7154471984
4911263963
9896529524
8852293329
9446789654
8106401208
4284515765
1439881358
2009375725
4456193555
3555040867
9807209816
7343954769
5074160524
6868336102
6075963527
9711080868
3750219066
2713189716
6654275321
9646319363
8418332121
3471601626
5826058207
1806055547
6596147038
6880283365
2379368328
6636889684
8510506350
5935846979
5522966707
9133570661
2636257705
6110646714
5844127642
7402979400
4723534498
2018338289
9428056968
9538092528
8083396378
6642201119
2780136605
7277696931
6526831162
8748665246
4971685036
4239681347
7993479249
4096686730
3895694146
1121863227
6588019889
9217807252
7010091529
7677479152
5623687550
6173344564
1276905285
9518221601
5791992101
2304174972
3163970710
8455688681
1664494972
1439921366
9563923030
3050177248
1306702926
1194576436
1600337712
6474681203
1311987868
6942989052
9620972851
1990305666
1317501220
5278201677
7654085764
8530854689
8902114913
7103557930
7271530837
5694848867
5884080139
6000111501
3316277000
6305113826
7556078550
4340584292
6425814872
7360670711
2915048861
4731547225
5872589903
5212581851
6248817808
5440488015
4866461018
8657075548
9098606941
8819457893
5422798091
8634866023
1666898313
7332834814
7639501593
7846365089
8561653275
1952996130
5430809445
6195126955
3360791536
7573364292
9770132477
8906163641
4748958133
6307626407
4860075997
9933702652
7275718549
5483308751
3232712137
5891831621
7904668955
1094115188
2538119509
7007282752
3681869740
2704657157
8309221034
8322868827
5641959772
4748302739
7982725037
4707279480
2698821492
1110724913
6313758032
7287517250
9771848610
8691037901
5886133002
2232285036
2180484299
2869931869
4644688162
5601407544
6151841907
5161807235
6382937230
9625656293
2801177461
2411712184
7924434374
5592432662
5801462032
6977769260
4816118375
1368293703
3438771483
6218484323
2989026093
6386271785
6718758028
3037696779
5990258975
3262496662
8871301064
2909446514
5669349652
1528605335
4523036945
5870268582
1726947767
8684026200
4158193327
5241790593
1211722336
8875273236
7390314766
7168143900
9068857465
8095192399
1036351450
3941033980
7807681712
3905225852
9637263591
7862789747
1613549255
7114060331
3908503113
3296067730
7481631841
8289095273
3328876246
4032501215
9751516468
6295864025
7791504823
2586568081
2636725415
1950578005
4586784711
6474282056
3189865928
8703867299
9715314442
6306523372
3303090267
4702323796
8199372599
3392080953
8224165114
3279276904
4881154133
1276466636
8586238650
3488791944
4939073335
2846465000
6065662867
8953726023
3883811315
1862812038
7285695527
4444113865
7868720188
8408771795
5744003377
7706193636
5979406794
2274535954
4390543744
8300300577
1636755414
5118752186
1278979168
2479679716
4929633791
3311256997
6557907251
4636537575
7626295106
2209952243
5749919939
7717262223
8076527214
3295127484
5250786370
5673482258
9548334840
4594787485
9178736108
5761565487
5077921573
2394184320
3605585995
5000316394
1778411697
4614902579
3814528616
1004665657
2978664640
1576717254
3173530799
3597724331
2753617371
6103474676
8284073512
8807650509
1989939859
8625905455
8086527181
4112007191
8923555411
6453956118
2926780541
8276498637
5269015757
3783290795
8325529753
1770075995
3534186676
5276345770
1394884830
8274867541
7016988123
7193134742
3424849408
4256292393
3147716902
6581343068
9471047463
8603773960
6178571453
7214011880
3264574595
2251686384
9279862473
8857720987
4211837506
6840547707
8229344434
6943891262
7408131889
6120465592
2703703278
5666504394
8015775567
6921525436
4856648111
3960905453
5895469359
5215140451
6639336381
6845185592
8978533723
1692044390
8372755146
3074232200
6241752544
2003570520
8120717574
4760385504
5188411716
3423086220
9903310363
9255898264
6212001597
5539308214
7241803245
5106442139
2674778305
5693307665
9523846861
7298942042
2376463094
5221740529
7393195616
8321763524
8678217181
8266159318
9505085936
5862020519
6692705133
3105824567
6986770879
5244250209
2385266029
5586143660
2924568778
7913813833
8051867440
7201141981
3185386258
1529290976
8213111159
5523430696
9634146764
7154795660
1662976399
2178158203
6466597005
9769785826
6285111559
6469458472
9161671755
7910439839
6257450736
2613559300
8503648320
9032781720
1207916194
2328736852
8280405477
8396987201
3566125120
9815347802
6401844042
1487730383
4526242854
7209571615
1927575908
5068981129
3109254172
2773408660
6041646576
4136959706
5759761714
3384006407
5521538461
2493660313
5569295400
4166639491
8047877267
3046990957
2389803385
2482828724
6728469606
5673919509
1066624635
5199176431
5175059577
1451951731
7338037591
3996707622
2274482118
8051851097
2432221894
5600836559
5848735640
3192202822
3831788593
9954587710
6756332150
9200147452
6700342356
4538382315
9929101065
7894019119
8100770118
8552304952
2518433834
4673457063
8880426060
5613655595
1128754686
8223429499
3301691543
7059726570
4101308249
2458198451
3093419287
7901043576
6754438916
3176195719
7668801906
3482206102
7303083491
2784043645
9837912162
5883933127
1172357124
7570320619
2033207905
2020395327
4095681282
7716932057
6597459437
3090061251
5935852056
1943087932
4970765357
8710494605
3322576648
5240686279
9471306442
5209858423
4242550727
9649996737
5626388820
9431299488
6587537178
4484778286
4250803652
6719849840
6164826959
8449984275
8733144348
6171239466
2664260498
9904586976
6596110125
8414342463
4853479481
8480530923
6335864941
1817804383
8239941612
6264622618
2763544042
2950049698
1328136908
6511718732
5830763639
4682904726
9789648210
4617183757
1993998848
5120057988
5837373178
5976777081
1052503784
6477862024
1071808601
7418301077
8569337115
8480622107
9577475232
3718745786
9266605491
4989253906
7736142481
6027311960
7928074841
1586269483
6242173772
3449142215
6353758928
9094089209
4723459316
4497694488
2231663777
9624645834
1158929824
5988085989
7022836757
3029548895
9081544414
7204819268
2309186996
6480842253
8723309920
3691344010
3531801378
5736462531
3791213115
7415801613
5846207636
7743563940
5727735496
4482238042
3508098662
3425783849
1671960610
6845287382
3521166052
6733641358
9156527614
2337723268
1713810569
5020871331
5428082088
5569145346
8880423344
7333361741
5707489159
8503368512
2621593120
7154070708
6555733635
5909505663
2218987399
2791674708
2386089888
9354711271
4226091368
3978287288
5515628633
9898081286
1885451419
1874195977
1356330603
4566852761
9519577735
9483102271
9673185158
8134112721
1663629664
4451530412
5937408591
8410301978
6677250784
3403293589
2254516608
2879792991
1034114705
5435473617
8803298579
5848950368
4663863897
6054421752
3651552513
5551636322
6717762282
6150481898
5028688786
2940955281
1025953043
1127978094
2327372855
4408662267
8053457714
5772902637
5694806361
7939364770
3648403946
5172725742
2315443813
4831693156
4880176825
9202102595
7222812754
8868054898
8286047197
1538349165
3582272957
3451514991
2309589038
7421085741
5421051452
7663823156
2390587865
7150970643
9468667078
2537971916
5865058976
9354542654
2948429488
7714600261
4217320974
4756594007
1492670821
8690920484
3195155142
8290582278
6147142330
3685515992
7556046460
8625774078
7387607079
9059101113
8002768253
4645120421
2973888646
5877639950
9161959680
1766829608
5955149585
2219460880
9432375190
7239376653
7040384625
1569113257
8160279830
8191928635
9261957016
4091608595
8852676046
4431481733
3910678913
4113031079
4557315473
6012067717
4890705286
1807174408
3993944892
3371357111
6689253494
5813751424
7441140696
7608153267
4404889130
1383236692
5164457378
3584719544
8853079811
3698305085
8746137515
3369496447
6017191787
8790122996
7872090713
5873637580
2291231895
1634554320
7627266377
8312603168
2994056084
8505373158
2167042689
6383802605
6777263354
7772490394
9918338001
4123994242
5361936136
9052143587
2275272470
7508080884
1797309341
9921025990
5861829469
3645901955
1354923180
2073108894
5903975336
5440351015
9953941533
8221216341
7340052048
6959501845
8131923452
4792135573
6320547759
2351112065
9494513064
8137764127
3319835182
4157531471
3377702111
8310839493
7660157097
5239945630
2062182961
6800756648
9136780852
9455416021
4567181201
6666776123
6306935472
6268379570
8243746556
3095520970
8734449371
3003342401
4080891187
9911099886
3603434915
4643576871
7283143895
2366484208
6810639622
6651020291
9145458689
5283911723
6364282848
8394040015
1277683972
6053489772
8552526194
4689605624
2228744350
9653250072
1006779966
8202112000
3092479645
6217821437
1954090737
7473868020
3431702140
8265834251
3457877922
5958959143
1118821302
3799620568
6771941776
1654646678
5503460465
7872873371
4161938464
9810831226
9476123135
5872148707
5901981439
1469628454
9730449971
9168258531
2649479425
3518693203
5260523439
2633177480
7333314020
9663561486
7640078465
2891100776
4660797484
2796717941
1313643390
9318010743
7167820709
8902275119
3675382218
7325737564
8208643631
7397963801
4206177239
5188484316
6933769301
3269449477
9707402483
3303434640
8843676736
6820149016
7114223633
1998278217
5067245523
5199848083
1588097152
7595776182
8192579713
3149484176
5448994487
1271119796
5175416378
1955345537
9748720287
9305502799
3334938378
9973421080
1306386460
6474354351
2156991983
7282885927
5057041081
1441048728
4002968632
5373945362
3707281860
8353871802
4907331090
7887950851
8358721864
5923492457
5173010454
7666869046
9754355973
9860949331
3177379883
3431015588
8382494022
6385791669
4958255823
7495114421
3959863754
6993185041
3807302199
8709361138
9233928059
8548926007
3328710672
9476076392
4319975372
6809486058
5879617459
9138644862
2748380110
6852312425
1099378302
7075215899
5320534569
1742855478
4776436931
1484230338
1014031971
2954170921
5346341182
6390043836
8795730263
4279590011
3931553951
2017675569
3058982440
9103115140
9263135031
3374360561
6719736115
9517292154
2120475823
8298511580
9815056399
1745698933
3384842301
7016293621
4019762806
7853666330
3784783625
7551688751
8959993056
5343043522
7189122676
9018466673
6448001026
8375996697
3531370274
6620138568
2047905204
3693985578
8493664415
5945367549
2635231601
8926438617
6167450976
4802545724
6804025676
8078461848
4283432667
1329869970
4266296360
3548153398
1141131770
9270780160
9420979586
2183009989
8393369940
2642270644
4122901114
5960796665
9498183077
6447717367
4347769038
3809854155
5196080556
3783009621
7598186836
4119261951
3869963931
3516975722
8513044549
4896576569
1782424812
1515297776
2375489059
3739951076
4146305511
7056554007
6885086622
3486504625
4680775250
2378996901
2141600678
7583445057
9873472374
2252055106
6931131419
6806178791
9770191959
9716873396
1829326917
9336493067
7626054347
9169749967
3774190383
2916728422
6155277595
5585773087
9741628563
3952295757
5471843732
5419627962
7671041685
8714926942
9713455851
4482166571
5208760580
2465087284
6741675770
4467888399
5699183813
2475647712
1807254039
5706531945
5902780755
7315776590
6550233140
3958590550
8136424561
8832777853
9347308209
1273372018
7839750896
2300351065
4508521152
7236772367
9611537583
1498192006
1577869770
2008716202
9462806178
1348560665
2687174501
5073704803
5261169821
8819907957
1376233267
6480998218
5878706464
6829842920
4572433066
9210444787
3343292475
2439265956
3912449281
5179888323
7390188891
9533595495
9229469952
3245108207
4242579642
2966554388
9957643727
7010379415
7870737796
6374032156
1092292243
6501732573
7903616825
6608787408
5006748052
1357561213
4703774386
5513818912
4559184883
5728897164
5751180577
7452025499
8126338341
5084568275
7570511906
7587494767
3612617557
6933150768
2238702124
1870446839
6989529491
3987734263
6789292252
4431078106
4896470058
2691239817
3964735450
4339050270
3098363243
3558850925
7309122230
8448666187
8117478955
2295189353
9298062261
6242604762
3891796055
9439237908
1698989552
7949795085
4731897202
7937993287
7568980185
1684598046
6109151668
5655441939
9469713575
9771121724
9482499233
4218022734
9539945315
6732648420
5281907480
2449956300
7674017947
4979644466
7238939734
2979958124
9598728606
7792729530
7678293431
6939076506
5462987469
6054039371
8088143319
8612669189
4035639663
6647042627
7226447920
2863844675
8780521609
2671543978
4969217513
4971389346
7103588071
6176794336
8235474949
6894808149
9165632300
4353660389
1983297492
9043367776
5392669701
7519578899
9587551470
3245260270
8758809005
1280794323
9987064419
2059077154
8301681475
1644608746
2770916225
3362646960
6576426590
5818143357
2369705770
3594553624
7054307581
2199029793
3615507143
4744348135
6890407426
5861330704
4102821948
7199283151
4147025728
5672946587
5354882810
7148377945
7334526106
1034233408
8415300767
3681421120
7541608271
1981049082
4177901142
6752211372
3553049385
5535719338
2609324972
7645527239
2142492761
1880007635
2404951301
2237386857
4423198820
9658463073
7088438912
5024265351
7099469983
2387545832
6381757026
3547223225
6927127609
7594786332
4538244882
1558663601
5652697543
6656559654
5852312091
3776030024
1407361360
1542145861
3601503399
1563524533
3738458510
3082629429
2001052710
9484167278
2094024844
1173215225
7311011808
4229022509
3094142051
4750707607
3975418439
3796581976
7988845536
7977267911
3117951204
5919148165
7243352390
2392578489
4683585586
5086197187
5815678365
2156184315
2678685838
1002756157
8357677623
5272119095
1422663925
8400508968
3780439666
4949801453
4163119785
5562087085
3579466477
8821456242
8880184233
9553561889
5759272717
5129350848
9569818605
8478529823
5636039055
4302709858
7878241592
6329589780
2338247946
9909257076
2382129132
9398575277
7095191322
1101762093
7904559790
8766703461
2185193869
1885113834
4308701294
4302972301
7520493715
4196786163
9346573117
1659663750
7038056729
6662849574
3719014181
7161867807
1513011414
9511322359
3039557201
8410324652
5598615444
4154369191
9581991473
1442597118
9688882785
4379795093
9171813168
1088974176
3992485680
3465883999
4379095790
1139082827
6777704180
5835392115
6020616922
1978132823
5245063515
5292015249
3424843951
2829729510
5294535887
4660410361
9566591713
5600953105
4595818171
6208260061
3754416885
8722482799
2693601838
5218155484
3781569954
3465260174
6932365592
7938649578
6958538302
3217665352
5827941299
7163874305
9996812354
6714723660
1330005804
8907736885
5807789425
3400496327
3715248432
1459774564
8468071953
5168353226
8933377472
3711695796
6378702684
1037811610
9885757271
4878929220
2818381356
4252373514
7125531606
7050091525
4322510552
2928130926
1368287033
7514017540
2554627667
3667740351
4424181518
4490184455
2557220130
1471997674
1655432544
3179641818
8325043570
3088621200
7341260172
6275155878
8785836177
5529870909
9536899982
1905248698
7151535410
9379034387
3532607624
8115628227
6326403406
8354747441
7103217717
2905452099
3536590481
1174412453
1067198189
1225366046
5868640848
3058127882
7763765757
2020262123
5468723378
8477300991
8242979770
6558450990
7958672456
7494878720
3287159563
9876515546
6383227541
4001236185
3309042717
6334440295
4460967357
3906611156
5006927241
9969678424
6677284463
6204862411
1494734259
5710360983
6515369278
1957668578
3011229698
9988591612
8178361487
6924716023
2861342732
5968420909
1365097623
9560201622
4372682391
8139209752
5275521470
9460756905
2541015125
9703093578
1790558940
6329433466
8818673092
6099605419
2370205303
1089022992
8847994784
3353587188
9493399299
1188167272
4227004325
5928927925
2878709078
6902381593
7164947890
4386667704
2601198885
1603701279
8770219539
6121801720
1697389798
1210104660
3045102506
9213620437
9078177421
4723218268
9626333315
9972793290
3080515301
4821408121
1494287462
2173242669
5162260671
6545573143
9326907907
1341341981
7793980443
8852156453
9911329062
8284086182
2602884797
8975746608
7735501682
2304963614
2482088956
2965718821
7405856143
5318897881
6934654971
2266498312
6513039012
7827384148
4975575744
1103082975
3995732958
9364254047
4572079205
1731517326
6318100546
7996030750
2904383663
4495540116
3943631361
1174800445
1947739357
8067214672
6732546435
8588769565
6746143382
6616661361
3196545325
7573015878
9977085483
2811113558
3511301900
6882515917
8643636805
8742645750
3161251707
1660460633
8524105278
2405746777
9322866055
5694628398
6341783555
6048250271
2902586094
2633310909
8285786023
4927019611
2965164102
5328166990
7536876169
9023399012
5928084398
4892537570
5118430494
4367382040
6645808194
2981470996
7048207695
5388382689
1293864877
1284053367
6461974809
3369412470
6939036170
9135754389
2735515159
9548100389
9933324137
9111943073
5903276945
6118341434
8993998614
5360179576
7437168216
4887816258
1359873139
1415435433
6348324494
8316205130
6884333221
8582922301
1674555072
1830044665
9455610447
3030106617
3585180243
7947883719
6687206971
9085085822
3323553486
9894308703
2967799880
8100997954
6932599814
7604506493
2119932866
7127584892
7664869472
3226892666
8150736635
7558641561
5945359606
9162264848
9065458220
8833889083
3564571185
6465839535
8366710477
8760642358
4719242291
5201480686
2525387510
6001410275
9213063154
2783209739
3436297208
1840381733
9462741141
3841827734
3468061102
1726670039
5931025271
3971203213
6606958660
3771778007
2914126243
7499349987
9117673599
9605813398
5252952412
2267081065
5428284461
1406186139
4042699946
6168228553
5800633419
5552917235
8982019929
1735904793
9689748933
3146117090
1857596764
8368751833
7442652840
7370937693
1205082311
3094407076
8288721755
5659161352
6620010435
8240609570
3713284816
8498830090
8177932148
6081395246
3979862624
1717346250
5020579466
7581349462
6736508280
2397112924
1178810419
3595066420
2518681304
5803280863
7287462513
3383331379
2258347772
7449876106
3758823240
2070025912
7420082849
5536224717
8683546423
2111272861
6351134654
7896596272
9023742403
8131455756
4203690252
8662451920
4456273760
5319901125
3651973404
2323280914
5489485517
6580386377
6271763012
2604063728
1261413688
9801724134
3636366799
4012497650
7295896324
3817151728
3613115539
7306885001
7597996327
2834593767
7479446952
6695007725
4543025495
1519737760
5508149905
4297864575
5748253283
9924488511
1196716790
9986353481
7129500003
6320115677
8277863632
6122110529
3592473405
2249831874
4956843441
7252704323
7544960111
7293357327
9762945083
3439909513
6265756641
4403845222
2606143397
8487449580
9334888790
8951070357
7267939594
9717175839
3716924538
3271361431
1557376230
4073772623
4928783441
8940731272
5040292978
7969674420
9218363978
7472806994
4180066307
1749459431
4705310401
2760127183
8135095910
3615798918
5296710795
8801332977
7332554920
5264686600
1165363881
5872609483
5297902885
1846637941
6831030525
1642037497
7389111087
2952849519
6000952470
9480412265
2262745715
5810692022
8858274691
3413288685
5409514899
8211535119
6672357218
7241219521
4410631499
3195758393
3556672800
5216599994
2720484983
5759234471
8676712652
8017523794
2756070122
8293928340
7487012742
3156385468
6974875750
9292914000
8642956821
2166058670
8252006746
3214080278
3098578259
3575311720
7284310145
3291300350
3867043264
5814084647
4125707567
6262322526
5242634401
9824210727
1389680278
6975552125
9397526641
7623575561
4081027848
3800355735
4019219484
1364714170
8189916797
8267261623
2727568775
8178927766
9558139653
8407773828
4953233832
2570641687
5927571882
7049001493
9961215440
5952689640
7772180882
7231082502
7166868574
8589415939
2140651959
3991253219
5356690340
9981364488
3303082117
6947080764
8858714543
6527129795
5141593270
6504544772
5376458227
7750678214
6324367157
4888749350
8151896308
1793480168
6263212814
8294178468
8055515912
2885370603
8887636081
9579064478
8235363119
1730966734
1908990420
6268097086
1035795037
1589582865
1489726608
6638034087
7104899851
4373086122
6134840512
6922377726
5771575572
6422260735
5927944597
7950497861
8707128172
8006741200
4193557045
2515672889
1343875431
9894264595
7620473079
6837342064
9457665185
6447165060
4647891535
2854871996
1522713644
4460319291
7227967023
3780475472
2908610750
2591414076
4933868190
9620935604
3310715848
6369062584
7903282246
2777816561
1439427140
7938722623
7008051512
3749541399
1999913493
9196096398
9113438941
7760554363
8350384902
4948253709
9754351898
7803990970
7517616549
6618965944
5336127859
9770294741
5604414067
8907752604
7467073633
4776677517
8674273936
8244425568
5272511859
1485574228
6709047877
2647489402
5067400473
3316326341
5334769475
6933306132
1002331874
1546370398
4062777850
5647317872
4536520171
3507826917
7340498236
6542943838
1293076437
9379439373
6311894154
6650205489
6092773357
7934137693
9306990739
8363613204
1404768759
7897826389
5074682264
8635295696
6786043791
6896899328
6180349787
4408903107
9667528031
2296400037
8315637075
9826302271
3189353138
8790289305
5004358412
2936540028
3127317293
3647900506
3512463846
6788913862
2140169349
1825904244
2305260125
6279951345
6704212255
3950008807
1817906089
2363635846
9983799760
2867302554
3577335953
8439267399
4627032705
4414061436
7568861677
4015479599
3253904127
2576700211
8874242713
7227593033
1045302356
1304205279
3646930819
1027115821
9425230216
7406579219
4260587490
3165767532
4039019230
1252339280
8132531532
2423995953
2816534344
5991136756
9878856075
7702529931
6186758088
7107706105
1884398554
6169457994
5499112932
5395606770
4213853162
9033553706
8387664437
8446926412
3557863130
4282810353
6193601081
6504099682
3725058806
3313993297
3614915281
4532358298
2370592316
8876276535
6854031895
1042362717
1042331617
3088458262
8587094479
5431267548
5320080287
6130802891
8513724361
7545252618
4661893102
1281868383
2848792488
4506639908
8127147064
8240255629
3205311267
4794898150
1826700966
8270110908
9470861195
9464825444
3188382776
8236361108
7391841158
1000367517
1108592659
8062791807
8544958420
2087103368
5243233430
4055215024
2506179666
4471642620
7451071432
7420493866
5871743247
7750819485
2607425063
6157617867
4364114312
8150442940
4229417473
7088949191
7134860926
3483827971
6864443882
8130076816
7148312531
5804140319
4662861038
8590552781
8102515984
2609115472
2762549480
5220648336
4180599722
7004964045
4441007454
5113495206
2079770569
6144170398
4628148396
2149938334
9071271723
7524368542
5478854313
6270465561
8316648259
6654744136
1945826486
5442465704
7174772035
8445108027
1141312095
1541964762
5428855031
8721631198
1883497862
2513206988
4736031885
9473134188
5754363475
5972484792
8728631945
4799264604
5625342041
3231531200
2152830622
8524625316
5387238367
8535778901
2059371626
2383323148
7654315818
6763471833
2175261501
7937750130
6495967005
7103088340
9872746972
1600566083
6877361656
8901585274
6078474602
9178353764
1925915326
1122712790
8642345291
8013290620
6952554500
9179914762
6687472117
9220693336
9829847939
8093179263
2379296495
9980723749
6400026847
6611959423
5482740815
5899025962
6247463262
1590612666
1554465497
9706633966
4237798212
3033747850
7034868375
5546230531
5683434276
5633022767
7247829661
1398474792
6497466569
6974959934
1700641785
3522129892
6503644761
7225490343
6317189421
9551366213
7046565695
6094508552
4544432520
4311402472
9868845806
5000675383
5558104244
1251837136
6485419723
9981691030
9504724761
4169357602
3987809626
8972064951
7664045502
8085106052
4067985169
7346292485
6223262065
3107125807
3723512559
6336338219
2603690509
1306420495
6510051851
9500303270
3667292043
2816208531
2024862905
6157964035
3280069602
1124331395
3034708132
9434743977
3550908958
9441556624
2283298067
7776829678
6542982627
8730018011
1939777262
3091826686
1820257761
6168291913
4870516577
1278627610
1005502537
7824150224
3135774649
3831962147
8968734873
5277072865
8563007469
6897612430
8231313764
5049072489
9752092528
1089365072
6059762573
1695764621
8235717104
5858839243
4820942294
8565000642
5275052490
8954835349
7045593274
7176580843
1645908204
9632590108
5789633176
9759180824
4726992894
3809184791
7340952947
2418407139
2280875150
8064623490
6393158644
7541630572
1770278136
8825529426
6588063032
8009477336
4172006012
4366698765
2510002930
4681264539
5689870435
9661615016
3237222263
5204910390
3629897176
8745594151
6807251282
4712367625
9632663990
4058220682
8889807790
4706249669
9309500117
1212943085
6543345069
2374911007
2642768997
5308815905
9844874547
2346406906
3836517266
2137651678
4239406957
2974208537
6581198987
5992908271
7305101214
6349956494
8403360560
7061280172
6937704752
9195770563
5083595988
4249599563
1242425303
5982744929
7491228078
9521216166
4375033100
7004510516
8471762590
7549661883
8603671758
1237754569
7573120172
8033702319
5394882203
5412340714
8594590645
4229171556
4950827048
6072939882
7005242777
8041391590
1591719508
4527419370
1802753761
9908115095
1257324536
9863620453
8437339412
3115806625
2147977942
7600193067
1261903104
5119022697
1478805564
7533932947
5625411308
4966620689
8236315216
8943866829
2909646911
9982319349
2431779064
7626116110
6655089949
9894847574
3755618874
1867922818
4398953973
2079501936
8727805468
2622055689
9302705838
7801948900
6015516952
3119908041
8430369688
6710338189
1304401362
8040800825
3434757387
3470617247
5082603360
6757815878
1696846464
1669531015
4855172529
2526032931
3454243528
2735141023
5476181191
8290956795
9718859146
2381420377
6321546247
2213756353
8899980156
9798548049
8084139498
3722583581
9006535478
3873116056
9216911629
5957341287
8343942606
6358023411
1553040088
3326016489
4287687478
2295574037
5157148297
5842885728
6411656874
8719734235
7249109908
9520646325
4869746864
5476654128
6720572969
7551874474
1741134891
8285000265
4431644521
2068687175
6640042225
4087380028
4754807834
7265126870
2191714875
9647689975
5164945650
5993571693
9306707151
8969097897
9643290928
6936124697
6880632538
4473306055
5029064216
8791183272